     23 1
     29 2
     21 3
     23 4
     22 5
     17 6
     17 7
     28 8
     16 9
     22 10
     22 11
     20 12
     19 13
     20 14
     23 15
     22 16
     16 17
     17 18
     11 19
     20 20
     16 21
     20 22
     25 23
     17 24
     27 25
     20 26
     13 27
     15 28
     33 29
     23 30
     23 31
     20 32
     20 33
     20 34
     20 35
     16 36
     14 37
     19 38
     16 39
     16 40
     13 41
     19 42
     24 43
     23 44
     22 45
     22 46
     19 47
     23 48
     16 49
     16 50
     33 51
     17 52
     22 53
     17 54
     24 55
     27 56
     20 57
     15 58
     23 59
     21 60
     14 61
     18 62
     24 63
     22 64
     18 65
     19 66
     18 67
     15 68
     18 69
     11 70
     20 71
     26 72
     16 73
     22 74
     27 75
     21 76
     26 77
     15 78
     16 79
     21 80
     23 81
     11 82
     19 83
     23 84
     15 85
     18 86
     21 87
     22 88
     19 89
     18 90
     25 91
     11 92
     23 93
     21 94
     21 95
     17 96
     19 97
     28 98
     16 99
     26 100
