59
45
47
61
29
22
54
19
8
84
22
27
63
4
20
91
21
87
72
48
30
14
45
85
7
45
50
7
67
83
55
6
18
83
48
97
29
62
81
67
44
74
84
1
51
77
99
10
63
84
51
80
36
90
45
75
69
4
56
63
30
11
97
80
32
72
7
44
46
27
88
62
50
34
16
47
36
70
76
22
59
89
49
15
8
55
81
61
66
62
62
57
38
55
94
35
15
25
78
31
3
68
78
61
14
94
2
46
8
23
34
87
23
75
68
42
53
42
36
58
69
1
12
100
98
30
62
84
63
65
12
77
86
81
10
15
100
12
16
94
8
7
23
57
78
45
1
29
88
59
81
45
74
96
55
61
22
74
30
96
57
66
29
17
43
19
60
48
93
57
22
1
59
74
93
76
46
99
4
16
67
8
58
15
35
64
11
56
77
91
90
44
12
65
97
48
18
21
46
81
