11
28
27
56
91
47
69
36
96
55
54
99
93
25
17
18
25
60
54
73
42
37
57
100
3
2
59
27
57
50
71
25
10
41
10
46
63
94
36
49
76
56
37
10
95
85
50
25
92
87
57
66
73
39
57
65
62
43
29
46
96
92
14
85
34
49
34
69
52
31
29
73
75
90
5
71
45
26
75
24
52
38
56
54
68
79
13
12
9
95
16
88
29
20
44
32
57
5
85
67
34
27
1
92
61
43
30
30
34
41
69
9
42
85
29
49
56
41
35
68
8
74
78
46
55
6
60
21
97
52
85
81
58
84
88
17
35
11
92
17
47
71
46
25
57
53
61
5
35
88
86
6
19
93
94
57
67
23
97
29
17
31
27
28
67
41
70
35
94
33
57
23
80
8
54
95
43
20
62
62
54
83
77
82
52
68
59
53
40
43
12
30
23
54
23
71
33
11
68
100
