48
70
10
15
14
8
23
95
1
98
67
91
80
4
15
80
27
95
53
61
54
78
76
11
49
39
54
79
17
3
33
14
96
87
98
64
32
55
38
8
99
34
37
7
26
52
75
48
93
14
91
2
10
69
60
26
39
98
51
56
5
83
71
10
34
80
1
90
1
23
98
20
10
93
50
46
24
49
84
29
3
5
5
12
55
100
69
75
34
67
9
78
29
83
60
98
8
6
2
43
51
83
13
93
76
74
17
98
7
5
27
21
21
60
75
8
91
13
52
29
93
24
74
32
45
20
71
87
80
77
28
18
75
64
53
63
41
56
23
26
47
22
39
88
23
25
90
95
42
8
61
63
12
43
27
13
65
28
58
8
72
2
19
25
31
75
46
26
10
43
78
27
58
33
41
65
46
45
56
88
32
65
68
86
36
85
4
81
76
71
38
39
16
4
59
89
26
50
2
24
