86
93
80
6
47
33
30
58
83
44
10
33
39
53
29
86
53
83
31
92
85
95
7
67
29
70
20
42
3
55
66
25
98
25
6
26
77
5
89
53
36
2
93
20
22
33
94
77
19
74
48
53
66
68
36
62
13
75
26
83
51
83
54
29
56
54
75
57
5
19
16
2
12
99
74
69
100
26
87
31
50
71
51
78
3
51
93
75
29
57
63
53
32
75
30
38
4
16
56
98
63
70
63
77
59
28
31
72
83
49
84
62
87
64
95
88
34
44
47
34
88
98
11
89
9
77
100
58
60
77
62
64
53
1
95
75
83
76
76
19
10
76
26
3
55
53
49
83
64
30
39
97
53
86
66
65
51
94
94
80
11
4
91
38
73
42
58
56
48
38
8
59
30
60
5
89
30
95
33
6
52
67
81
18
20
16
25
51
7
87
17
52
59
87
23
97
31
10
87
9
