46
81
99
91
73
42
44
66
5
34
38
87
52
42
13
4
57
74
2
9
80
79
50
79
41
2
42
31
68
25
100
86
31
63
74
1
73
5
23
91
13
76
67
15
25
53
81
49
87
56
14
19
39
48
69
24
85
8
94
94
46
49
55
86
12
8
97
51
99
45
11
20
71
34
100
40
51
86
63
93
16
56
43
31
99
7
15
45
1
1
24
21
73
70
2
89
45
8
56
9
12
78
25
84
42
98
72
23
87
90
92
18
59
72
21
14
55
22
64
1
41
31
81
72
100
6
83
29
48
30
7
25
93
31
6
30
98
24
62
24
25
79
31
11
52
39
48
66
73
3
72
79
79
21
50
51
16
8
91
62
97
60
19
8
47
74
98
89
87
65
92
24
43
51
96
83
32
1
5
9
78
55
80
40
76
32
45
37
82
80
1
48
63
31
64
5
57
42
37
51
