63
30
3
12
51
15
97
50
17
20
24
15
75
46
43
85
13
74
1
26
69
28
40
2
35
29
16
14
59
57
22
24
65
87
20
3
19
47
2
50
35
24
47
47
91
40
74
72
87
48
11
26
84
74
90
55
53
1
77
56
2
65
59
74
16
84
35
42
68
88
22
60
78
59
20
68
18
45
84
56
90
66
24
36
88
10
62
34
56
12
77
17
31
30
64
16
32
86
22
96
29
97
16
32
23
80
43
79
94
13
29
23
10
98
93
33
14
24
59
72
99
10
67
15
25
96
49
71
51
80
88
81
63
26
43
94
40
75
47
95
32
100
33
60
11
4
11
15
22
51
34
40
99
36
44
77
15
4
2
96
7
88
59
43
85
92
40
78
25
66
84
8
59
13
32
25
73
84
90
5
61
57
100
37
29
98
32
36
75
99
67
49
55
2
86
10
12
15
46
61
