53
48
94
89
28
71
100
13
48
6
46
54
79
58
44
63
78
71
45
64
18
44
100
76
100
44
80
86
60
63
14
4
76
28
55
64
45
72
9
23
13
43
49
98
38
1
1
45
60
13
32
59
2
66
95
91
76
81
3
26
8
31
42
89
4
100
72
91
54
21
16
74
21
91
33
51
35
25
85
17
52
3
33
90
94
81
79
89
38
56
22
39
53
15
55
86
22
17
59
29
66
90
56
8
26
33
82
65
2
76
46
88
52
98
20
38
12
100
46
96
39
12
88
72
8
2
63
46
48
5
65
77
87
30
61
60
40
89
42
81
65
12
29
51
20
8
97
16
2
90
38
74
91
17
39
58
94
50
91
81
63
37
51
24
54
10
68
100
95
18
97
56
93
89
7
53
69
44
69
6
14
8
48
16
22
77
91
72
55
54
66
84
51
29
9
56
3
100
37
14
