15
91
76
51
2
25
39
43
88
35
94
65
81
33
15
68
88
90
22
65
87
33
84
8
93
58
56
7
95
95
67
38
37
64
48
63
42
100
30
75
23
13
38
21
67
92
86
77
98
44
51
51
26
1
45
44
42
49
99
75
97
53
9
40
28
88
23
93
11
6
11
75
47
64
10
40
84
2
47
100
18
60
83
71
58
79
75
53
81
14
70
51
93
9
32
96
96
73
82
71
71
88
66
79
53
94
84
43
38
77
35
63
37
11
25
8
97
91
70
73
37
62
31
21
84
4
76
71
47
16
93
85
71
88
60
76
51
53
74
86
90
51
32
54
86
68
61
13
43
3
40
29
38
94
51
32
34
100
5
69
69
94
72
52
97
15
13
59
41
14
3
64
66
25
98
91
96
35
71
16
98
13
64
55
1
49
98
69
39
92
20
74
4
69
28
7
20
23
26
14
