99
96
1
64
77
62
25
95
41
76
42
51
33
42
14
20
64
37
59
34
100
63
43
52
15
29
10
18
36
11
22
35
12
74
55
7
33
60
50
64
23
77
27
46
70
32
77
82
4
64
3
72
55
94
96
44
72
39
84
26
44
99
9
73
70
5
15
84
22
77
100
41
30
89
98
75
34
93
54
79
87
4
91
78
24
69
26
80
81
32
81
30
6
75
2
36
65
3
6
18
28
35
55
90
12
58
17
76
36
30
81
4
73
48
30
44
48
62
51
79
31
26
82
89
38
80
14
11
66
11
82
83
91
67
41
72
52
56
35
98
2
58
48
67
48
22
61
93
12
85
52
44
51
39
45
35
59
47
43
4
66
66
91
87
32
18
47
91
85
60
86
84
34
25
96
98
19
16
23
84
73
84
56
44
72
77
4
10
46
38
43
34
69
29
89
6
43
95
72
89
