95
5
14
82
28
95
16
98
15
29
80
18
10
93
93
90
95
11
73
95
60
83
97
63
45
89
46
35
89
50
75
81
6
23
72
29
77
23
89
87
1
40
29
65
65
5
55
23
51
66
31
9
2
30
5
98
13
45
55
72
79
72
11
70
2
56
29
79
82
99
45
99
50
64
36
20
44
49
28
2
13
75
21
3
98
73
44
86
64
22
50
33
17
81
15
4
38
18
5
97
20
60
2
29
28
80
2
29
16
71
75
4
20
21
8
77
83
67
9
3
18
35
17
91
21
48
52
15
68
40
4
43
77
100
75
31
62
88
37
25
43
90
18
28
88
24
57
37
31
90
40
3
78
33
27
47
80
98
7
44
57
31
82
33
11
44
21
35
63
6
72
76
25
96
100
74
72
9
7
27
71
97
3
92
61
80
64
60
51
40
82
14
56
58
72
47
59
77
41
36
